seqIndex,prediction,distToMargin,P(-1),P(+1)
413,1,1.7980436610250952,0.002602629014792396,0.9973973709852075
204,1,1.7831034306847986,0.002733458975288,0.9972665410247119
416,1,1.7558452339572923,0.002989282966345984,0.9970107170336542
200,1,1.7187261040091584,0.00337645027498637,0.9966235497250134
201,1,1.6947367141636587,0.003652857467646447,0.9963471425323537
406,1,1.67689772331682,0.0038729113199793856,0.9961270886800206
202,1,1.670944761838003,0.003949244167685903,0.9960507558323142
203,1,1.6683482322759011,0.003983006187117834,0.9960169938128822
206,1,1.6578189128751104,0.004122887995447672,0.9958771120045522
624,1,1.6508023331753048,0.004218808526243206,0.995781191473757
205,1,1.6275624458126396,0.004552659815884223,0.9954473401841156
208,1,1.6265162630950687,0.004568292211078172,0.9954317077889218
613,1,1.6260297850790766,0.004575579507058967,0.9954244204929409
198,1,1.62529520731561,0.004586605195340824,0.9954133948046592
409,1,1.6224222272115338,0.004629981904412578,0.9953700180955872
414,1,1.621353803273312,0.004646217082342549,0.9953537829176575
617,1,1.5968177229844143,0.005035046106666739,0.9949649538933333
410,1,1.592987674497914,0.00509859643365657,0.9949014035663433
614,1,1.5910907808913495,0.0051303655828619085,0.9948696344171383
829,1,1.5754246243376084,0.005400383399733212,0.9945996166002669
623,1,1.5685458841192017,0.005523365070568433,0.9944766349294316
207,1,1.5528464227903518,0.005814577509083268,0.9941854224909168
820,1,1.5501992863562482,0.0058651619077169275,0.9941348380922832
620,1,1.547311010581373,0.005920853365766084,0.9940791466342339
407,1,1.541417859220112,0.006036119982646339,0.9939638800173539
199,1,1.5371778230645328,0.006120429490040221,0.9938795705099597
821,1,1.5348812558800544,0.006166582274727333,0.9938334177252726
412,1,1.5270044794636317,0.006327520068837198,0.9936724799311629
1034,1,1.5247410151838838,0.006374534110654675,0.9936254658893455
417,1,1.5167513352139856,0.006543277827236485,0.9934567221727634
1027,1,1.5104801224318594,0.006678828901653243,0.9933211710983467
411,1,1.5038094557620718,0.0068260758808730984,0.9931739241191269
1026,1,1.4972465731256763,0.006974088623487084,0.9930259113765129
615,1,1.4908873482919458,0.007120546728694571,0.9928794532713057
1035,1,1.4884994466180053,0.007176327049515629,0.9928236729504842
408,1,1.4842652986100429,0.007276303307621352,0.9927236966923784
822,1,1.4787944123939356,0.0074075307770583325,0.9925924692229415
616,1,1.4778276349387185,0.007430963374948559,0.9925690366250514
830,1,1.4729737050083316,0.007549728506929933,0.99245027149307
621,1,1.46215462408636,0.007821267827246518,0.9921787321727535
823,1,1.4590934665860913,0.007899840574039398,0.9921001594259606
1028,1,1.4530191175322775,0.008058080294171426,0.9919419197058283
618,1,1.4087291680513656,0.009310836266925504,0.9906891637330745
819,1,1.395670094589819,0.00971575891289747,0.9902842410871024
824,1,1.3816469591982095,0.010169995623427233,0.9898300043765729
619,1,1.3756884596236463,0.01036930667533106,0.9896306933246689
175,1,1.3733824577974265,0.01044747499968358,0.9895525250003162
415,1,1.3571708187594915,0.011013707504575993,0.988986292495424
622,1,1.3464418905658004,0.01140501744878578,0.9885949825512144
1031,1,1.3194882673522896,0.012449711039026538,0.9875502889609733
1025,1,1.317864407130331,0.012515583522237623,0.9874844164777621
828,1,1.2955818734379343,0.013454982767916344,0.9865450172320834
825,1,1.2921002243502668,0.01360791441680312,0.9863920855831971
1024,1,1.287094042583861,0.01383081864243057,0.9861691813575694
1030,1,1.2676390269720677,0.014731741583763818,0.9852682584162363
1032,1,1.2649705128211481,0.014859738545383474,0.9851402614546165
209,1,1.2611360812692485,0.015045578188128883,0.9849544218118711
826,1,1.2476950167279703,0.015715251814478907,0.9842847481855211
827,1,1.239837319850094,0.016120235007269102,0.9838797649927308
1029,1,1.2386409812565606,0.01618278727054451,0.9838172127294554
178,1,1.236221644145011,0.016310015719843227,0.9836899842801567
386,1,1.1839599608710236,0.019311000418030303,0.9806889995819698
383,1,1.1286209502085038,0.02307796189574353,0.9769220381042565
177,1,1.1155570356525486,0.024066918515965634,0.9759330814840346
590,1,1.1103504939861382,0.024472467297550787,0.9755275327024493
1033,1,1.095153803499076,0.025694596387523114,0.9743054036124769
181,1,1.0948224550434262,0.025721894427890222,0.9742781055721099
595,1,1.0921609357644242,0.025942188412508307,0.9740578115874915
387,1,1.0556635241467558,0.02915437358171732,0.9708456264182826
174,1,1.0440498215627059,0.030255081714506624,0.9697449182854933
382,1,1.0286951586708024,0.03177222726881826,0.9682277727311818
390,1,1.0261293842448236,0.032032810986937194,0.9679671890130629
388,1,1.0191780345513421,0.03274921247940912,0.9672507875205909
796,1,1.0144525117690102,0.03324502473012907,0.9667549752698708
594,1,1.0122683778367274,0.03347662829427911,0.9665233717057208
384,1,1.0094321999405333,0.03377969682799159,0.9662203031720085
592,1,0.9793710726597709,0.03715875255582411,0.9628412474441758
179,1,0.9757733998755654,0.03758428525360072,0.9624157147463993
182,1,0.969778090293729,0.03830382239483121,0.9616961776051686
593,1,0.9662152682244352,0.038737661041760095,0.9612623389582398
799,1,0.9651669009670123,0.038866213512119545,0.9611337864878805
180,1,0.9584763064544131,0.03969630732281079,0.9603036926771894
589,1,0.9334568285462882,0.042953350283767816,0.9570466497162322
795,1,0.92966229306128,0.043469089469604365,0.9565309105303956
596,1,0.9261330754607097,0.043954065379067715,0.9560459346209323
176,1,0.8995430249511406,0.047777256308654405,0.9522227436913454
385,1,0.8918069032818257,0.04894762832271675,0.9510523716772832
801,1,0.8899535909297484,0.049232020776391223,0.950767979223609
1001,1,0.8596953208601635,0.05410229991629833,0.9458977000837017
389,1,0.8449780821399835,0.0566322955583516,0.9433677044416484
1007,1,0.8160390511955696,0.06193475065227049,0.9380652493477294
800,1,0.8141651435923701,0.06229366096170615,0.9377063390382939
1005,1,0.8060312619031474,0.0638741973303038,0.9361258026696961
803,1,0.8033965773806476,0.06439413362344323,0.9356058663765566
591,1,0.7769382104390505,0.0698386275888721,0.9301613724111277
802,1,0.7655116904220522,0.07231957593347654,0.9276804240665233
797,1,0.761738983207011,0.07315646242862758,0.9268435375713724
798,1,0.7543372572621716,0.07482441960630082,0.925175580393699
1004,1,0.7517437559757065,0.07541711240106194,0.9245828875989383
1008,1,0.7303776714439673,0.08046691049465308,0.919533089505347
597,1,0.7108919069327493,0.08534068293680447,0.9146593170631956
1006,1,0.7064883588271262,0.08647877078015934,0.9135212292198406
1009,1,0.6864550532294483,0.09183250131660814,0.908167498683392
1002,1,0.6733612439298229,0.09549197740917881,0.904508022590821
1003,1,0.5936233307115116,0.12072491376622979,0.8792750862337705
804,1,0.5821357686306486,0.12480448129546455,0.8751955187045355
1017,1,0.528720326585188,0.14535815612115752,0.8546418438788426
1012,1,0.5170249539081667,0.15021801704310828,0.8497819829568918
173,1,0.5052603787878964,0.15524074700193005,0.8447592529980699
66,1,0.5044630886953757,0.1555860444960601,0.8444139555039399
811,1,0.4852957833811044,0.16407636694013888,0.8359236330598613
1016,1,0.47749195767921737,0.1676379737928654,0.8323620262071345
598,1,0.46419889031563943,0.17384589032669717,0.8261541096733029
1010,1,0.46140905166472496,0.17517144223714862,0.8248285577628511
588,1,0.44766530818439015,0.18181713967830354,0.8181828603216963
193,1,0.44300872218518855,0.18411253214058318,0.8158874678594168
1000,1,0.44195502535594766,0.1846350161182115,0.8153649838817885
380,1,0.43550724410437924,0.187857004167471,0.8121429958325289
171,1,0.4327962415924253,0.18922445581793826,0.8107755441820619
381,1,0.4294804433966081,0.19090724902050002,0.8090927509795002
810,1,0.42154127527454965,0.19498246464174301,0.805017535358257
603,1,0.4116255933858771,0.20016361139081798,0.799836388609182
604,1,0.40908261248898997,0.2015087491399642,0.7984912508600358
396,1,0.39336233904509693,0.20997280435772586,0.7900271956422739
172,1,0.3928057743342118,0.21027716115277045,0.7897228388472295
391,1,0.3917563207326689,0.21085192712946513,0.7891480728705348
71,1,0.3855141599748862,0.21429422841707133,0.7857057715829289
1019,1,0.37449422221641476,0.22046983767940817,0.779530162320592
1011,1,0.33984939340556514,0.24070205761388483,0.7592979423861153
805,1,0.33884186136936956,0.24130890670682764,0.7586910932931725
1018,1,0.33740741134592145,0.24217468377113552,0.7578253162288647
812,1,0.33268549737874814,0.24503947681509242,0.7549605231849077
278,1,0.3119087667136787,0.2579134110072927,0.7420865889927071
1015,1,0.31170470960163676,0.25804200788663867,0.7419579921133614
275,1,0.307728190463249,0.2605563233122514,0.7394436766877487
809,1,0.2998626784287159,0.26557598940301647,0.7344240105969838
1014,1,0.2927503071365484,0.27016768577847994,0.72983231422152
274,1,0.2895296940722652,0.272263227470796,0.7277367725292039
280,1,0.2887709365352743,0.2727584000934755,0.7272415999065247
806,1,0.2861668866750956,0.27446209487741413,0.7255379051225859
605,1,0.28616243876296504,0.274465010559591,0.725534989440409
599,1,0.2710853860527409,0.28445795278892555,0.7155420472110746
814,1,0.2583456817033077,0.29307017159701915,0.7069298284029806
68,1,0.2560880075492625,0.29461220984873765,0.7053877901512624
65,1,0.25302959338356285,0.296708680337636,0.7032913196623639
69,1,0.2520642257253817,0.2973722038561862,0.7026277961438139
196,1,0.24562133659526875,0.3018223771553984,0.6981776228446017
610,1,0.23984967435085458,0.30584082486410674,0.6941591751358935
486,1,0.2264760831444185,0.31526564018295744,0.6847343598170424
186,1,0.21511036285859358,0.32339709431897967,0.6766029056810204
395,1,0.2133609521505054,0.3246583799925978,0.6753416200074023
402,1,0.20606176243227958,0.3299482869741625,0.6700517130258377
961,1,0.20389324418933338,0.3315282737737065,0.6684717262262934
405,1,0.20085091285924056,0.3337513290585161,0.666248670941484
606,1,0.19761905923457293,0.3361209891054987,0.6638790108945012
397,1,0.19660726075472143,0.336864565479758,0.6631354345202418
813,1,0.1956669895019449,0.33755630084052,0.6624436991594802
401,1,0.18930251673771045,0.34225667408071125,0.6577433259192887
187,1,0.18847246557448932,0.34287200721945077,0.6571279927805491
67,1,0.18401219013880557,0.3461875066864778,0.6538124933135219
197,1,0.18357571789172514,0.34651276409508175,0.6534872359049184
817,1,0.1776269360853991,0.3509599747624878,0.6490400252375118
188,1,0.1746055585886237,0.3532287144022037,0.6467712855977964
137,1,0.17450809780473744,0.3533020081694099,0.6466979918305898
807,1,0.17144455329376748,0.35176623872666735,0.6482337612733327
1013,1,0.16501436118468507,0.35711458296533355,0.6428854170346664
398,1,0.15426216062408526,0.3660269385325952,0.6339730614674048
136,1,0.1528640937485667,0.3671831018018172,0.6328168981981828
195,1,0.15180566112581514,0.3680580067131694,0.6319419932868306
792,1,0.15158492754529515,0.3682404241271897,0.6317595758728105
693,1,0.1429713941756185,0.3753479557848235,0.6246520442151767
1023,1,0.13763355691632007,0.3797426366784549,0.6202573633215451
488,1,0.13734562654253088,0.37997949300031136,0.6200205069996887
345,1,0.12832180921396205,0.3873932233403661,0.612606776659634
483,1,0.11575192123028094,0.39769445824773497,0.6023055417522649
279,1,0.11478151428618577,0.39848870352597826,0.6015112964740217
482,1,0.10995189381104445,0.4024398179554647,0.5975601820445353
70,1,0.1069672073791264,0.4048802815360573,0.5951197184639426
481,1,0.10336305723962379,0.4078261353112682,0.5921738646887318
808,1,0.10300640789748129,0.4081175836873924,0.5918824163126076
277,1,0.09760606862450535,0.41252957852741445,0.5874704214725854
602,1,0.09597288016644848,0.4138635332936392,0.586136466706361
601,1,0.09416222424113783,0.4153422984879402,0.5846577015120599
394,1,0.09126784789780479,0.41770589310031253,0.5822941068996874
551,1,0.08769073130176941,0.42062674027177366,0.5793732597282265
692,1,0.08657456332000743,0.4215380954346585,0.5784619045653414
343,1,0.08489673795924894,0.42290803270722377,0.5770919672927763
403,1,0.08392499188739992,0.42370145835249534,0.5762985416475047
608,1,0.08361884130704446,0.4239514293291609,0.576048570670839
485,1,0.0795424298295076,0.4272798943558031,0.5727201056441968
404,1,0.07727609841953849,0.42913052485107717,0.5708694751489228
607,1,0.07418391010736887,0.43165577034828834,0.5683442296517117
758,1,0.07038822270914863,0.43475604218589814,0.5652439578141019
399,1,0.06685429909206707,0.4376431545547066,0.5623568454452934
273,1,0.06332544902420345,0.4405268719299851,0.559473128070015
755,1,0.06244821208430895,0.4412438650460284,0.5587561349539715
1020,1,0.05959390787254372,0.44357716552271853,0.5564228344772815
189,1,0.05618682099198245,0.44636318192573227,0.5536368180742677
72,1,0.04983095820859891,0.45156312435162815,0.548436875648372
194,1,0.04685369156973497,0.45400021634069554,0.5459997836593046
962,1,0.04594982762755706,0.4547402600760734,0.5452597399239267
756,1,0.04580042729384545,0.4548625902096004,0.5451374097903997
548,1,0.04198050714529973,0.4579911283159361,0.542008871684064
487,1,0.03448240539675736,0.4641364535219275,0.5358635464780725
344,1,0.03431269288906666,0.46427561432666614,0.5357243856733338
135,1,0.033828207097553686,0.464672899161696,0.535327100838304
183,1,0.03152318831342188,0.46656337599973996,0.5334366240002599
612,1,0.03107232132000691,0.466933221267997,0.533066778732003
757,1,0.022329536066059065,0.47410892380392283,0.5258910761960773
550,1,0.022063641192546078,0.4743272748691509,0.5256727251308493
552,1,0.018255681272326955,0.47745505376917197,0.522544946230828
585,1,0.014827166724070208,0.4802722435343835,0.5197277564656164
899,1,0.014627071809360797,0.48043669019564794,0.5195633098043521
611,1,0.014529073964401248,0.4805172302300751,0.519482769769925
64,1,0.01315061351887281,0.4816502048888234,0.5183497951111766
898,1,0.0113705226607592,0.48311349832592443,0.5168865016740758
190,1,0.008942115460828083,0.48511009393283533,0.5148899060671647
377,1,0.007424104057181953,0.4863583761879448,0.5136416238120552
192,1,0.007343342571181381,0.4864247915447107,0.5135752084552894
276,1,0.006232127873454082,0.48733865450974256,0.5126613454902574
963,1,0.0032969210357326837,0.4897529002598968,0.5102470997401031
998,-1,-0.01023865203863038,0.5,0.5
816,-1,-0.015420209581022606,0.505153794150155,0.4948462058498449
794,-1,-0.019112165169703918,0.5081913439318713,0.4918086560681288
134,-1,-0.02763717567476219,0.515202288028452,0.4847977119715481
587,-1,-0.027869288379309444,0.5153930950396525,0.4846069049603476
586,-1,-0.02820923449687552,0.515672536400839,0.484327463599161
379,-1,-0.028666273360405538,0.5160482117198201,0.4839517882801801
818,-1,-0.030682993833270972,0.5177056453776688,0.4822943546223311
793,-1,-0.03476973967060146,0.5210628359033068,0.47893716409669346
896,-1,-0.040528103280300404,0.5257891483127681,0.4742108516872317
609,-1,-0.040846413509699676,0.526050248340844,0.473949751659156
999,-1,-0.04114650918890542,0.5262963908208628,0.47370360917913734
168,-1,-0.05097126637478225,0.534344642644088,0.46565535735591196
600,-1,-0.0623907558413257,0.5436683639084908,0.4563316360915091
689,-1,-0.0632911001212456,0.544401761255959,0.4555982387440411
1022,-1,-0.06653443749218321,0.5470413683219814,0.45295863167801875
561,-1,-0.08214700200760403,0.5596893200028185,0.4403106799971815
549,-1,-0.08252810800777319,0.5599967015826439,0.4400032984173559
392,-1,-0.08766825172850119,0.5641354154007726,0.4358645845992272
353,-1,-0.0944346782531931,0.5695622518136738,0.43043774818632613
281,-1,-0.0965627791129178,0.5712637041599335,0.42873629584006634
150,-1,-0.09785416847054942,0.5722948923216452,0.4277051076783548
184,-1,-0.09788141976761668,0.5723166420510734,0.4276833579489267
342,-1,-0.10000027839382716,0.574006364236488,0.425993635763512
690,-1,-0.10316125655119061,0.5765219911029223,0.42347800889707776
997,-1,-0.10399133796182493,0.577181555061736,0.4228184449382641
133,-1,-0.10511225841094268,0.5780715094253548,0.421928490574645
341,-1,-0.10594184143745712,0.578729630699432,0.42127036930056805
400,-1,-0.10959667002754467,0.5816236331453041,0.4183763668546959
695,-1,-0.11077971514000956,0.582558470827782,0.417441529172218
473,-1,-0.11789715890899535,0.5881619243684026,0.41183807563159736
191,-1,-0.12367872230376924,0.5926863947477933,0.4073136052522066
897,-1,-0.12837918685250485,0.596345945481157,0.40365405451884295
763,-1,-0.1298552684742047,0.5974915513541106,0.4025084486458893
688,-1,-0.1298837514626926,0.597513640205877,0.40248635979412295
484,-1,-0.1338848175404675,0.600609972967434,0.399390027032566
969,-1,-0.1360092566003856,0.6022486827956838,0.3977513172043163
146,-1,-0.14150547612041298,0.606470645358238,0.3935293546417619
691,-1,-0.14195159316642525,0.6068122020837539,0.39318779791624614
393,-1,-0.15114369287521293,0.6138110636835655,0.38618893631643453
340,-1,-0.15587741321236348,0.6173858026841436,0.3826141973158564
995,-1,-0.161991376800259,0.6219723524532516,0.3780276475467485
144,-1,-0.16557948893002838,0.6246477943205992,0.37535220567940075
149,-1,-0.1722880885564472,0.6296171891273746,0.3703828108726253
694,-1,-0.17309293973854215,0.6302104836835456,0.36978951631645446
58,-1,-0.17486652358531035,0.6315156704303531,0.3684843295696469
901,-1,-0.1786499477141304,0.6342897162891752,0.3657102837108247
489,-1,-0.17868738067013115,0.6343170929709347,0.36568290702906525
185,-1,-0.18069385301767782,0.6357825307228455,0.3642174692771546
378,-1,-0.18253019098119497,0.637120260887753,0.36287973911224697
169,-1,-0.20106354704689386,0.6504354238175708,0.3495645761824292
767,-1,-0.2016858225566618,0.6508765961160059,0.34912340388399415
560,-1,-0.20378077405964842,0.6523590253180197,0.3476409746819803
170,-1,-0.209625690148177,0.6564720238181854,0.3435279761818146
358,-1,-0.21600912013944798,0.6609253991171631,0.3390746008828369
147,-1,-0.23394342834832701,0.6769765307992881,0.3230234692007119
791,-1,-0.2362180586213379,0.6786116566565097,0.32138834334349015
148,-1,-0.23903420890048332,0.6806300020417545,0.3193699979582456
1021,-1,-0.24309775124430388,0.6835304514637187,0.3164695485362813
900,-1,-0.24568118709057396,0.6853670631732661,0.3146329368267339
584,-1,-0.2553843458954012,0.6922132687180124,0.3077867312819877
789,-1,-0.25792935840071474,0.6939951884580285,0.3060048115419714
679,-1,-0.26513601022144645,0.6990095269973545,0.3009904730026455
895,-1,-0.26620015144572523,0.6997459742610246,0.3002540257389753
696,-1,-0.2665354844611224,0.6999778308206694,0.30002216917933067
352,-1,-0.2690714581374971,0.7017279397812375,0.2982720602187626
101,-1,-0.2721050235939394,0.7038137114130171,0.29618628858698304
59,-1,-0.27237540141398686,0.7039992031190446,0.29600079688095543
815,-1,-0.27527266016028007,0.7059826222644248,0.29401737773557524
996,-1,-0.2756039509557489,0.7062089242291382,0.29379107577086166
894,-1,-0.2864321510635606,0.7135491871475848,0.2864508128524153
357,-1,-0.2903745121671791,0.7161942246777199,0.28380577532228035
132,-1,-0.2906767146407412,0.71639637106731,0.2836036289326901
968,-1,-0.29334428987179967,0.7181769612230693,0.28182303877693105
790,-1,-0.2958225859886165,0.7198251076176032,0.28017489238239673
768,-1,-0.3035702304752573,0.7249393798171865,0.2750606201828136
884,-1,-0.3072181453216967,0.7273272312854506,0.2726727687145496
354,-1,-0.30929827412097277,0.7286830255527047,0.27131697444729536
960,-1,-0.3199423814585613,0.735554089673193,0.26444591032680675
265,-1,-0.3219516128581249,0.7368385263410839,0.2631614736589159
565,-1,-0.33037666161304574,0.7421805411975434,0.2578194588024568
145,-1,-0.33403395467522273,0.744477346404838,0.255522653595162
994,-1,-0.33567976106451347,0.7455065289910351,0.25449347100896513
376,-1,-0.3394936163070754,0.7478809557597134,0.2521190442402867
73,-1,-0.34182607156088896,0.7493258369942499,0.2506741630057499
754,-1,-0.34249944269772836,0.7497419422475989,0.25025805775240084
680,-1,-0.3454102321026983,0.7515353452931487,0.24846465470685136
143,-1,-0.3486325541788711,0.7535106324388382,0.24648936756116185
359,-1,-0.3569762130398465,0.7585760132272407,0.2414239867727592
356,-1,-0.3625724245345697,0.7619334357164195,0.23806656428358064
355,-1,-0.3850179566151888,0.7750746483917751,0.224925351608225
102,-1,-0.38525682468007466,0.7752116905076127,0.22478830949238734
56,-1,-0.39248340671130294,0.7793296373207197,0.22067036267928036
583,-1,-0.39395849358094237,0.7801635128765411,0.21983648712345913
131,-1,-0.40078715012508004,0.783994265409125,0.21600573459087496
973,-1,-0.4008337370068853,0.7840202329474842,0.21597976705251573
974,-1,-0.4023350360912807,0.7848558464293823,0.21514415357061792
885,-1,-0.40355753328211863,0.7855345452365763,0.21446545476342352
564,-1,-0.41247251710880706,0.7904368061501649,0.2095631938498351
282,-1,-0.415007040778137,0.7918153889687657,0.2081846110312343
890,-1,-0.4334947181324291,0.8016687999631349,0.19833120003686508
266,-1,-0.43501846405788913,0.802465049301053,0.1975349506989472
477,-1,-0.43902091905758617,0.8045450868708102,0.1954549131291898
267,-1,-0.4475371943229881,0.8089156231918765,0.19108437680812349
771,-1,-0.4482341905299806,0.809269994978518,0.19073000502148185
264,-1,-0.45340673659999375,0.8118841648065861,0.18811583519341393
932,-1,-0.4562490483120699,0.8133088892932754,0.18669111070672453
770,-1,-0.462593893587163,0.8164592508815596,0.1835407491184405
60,-1,-0.4652802804175634,0.8177806305609058,0.18221936943909406
472,-1,-0.46564947664494905,0.8179616517350977,0.1820383482649022
566,-1,-0.4677902719787308,0.8190085530228423,0.18099144697715794
902,-1,-0.4810270814842499,0.8253776211705831,0.17462237882941692
490,-1,-0.48288548544320575,0.8262575279334667,0.17374247206653298
726,-1,-0.4853104400939001,0.8274004118677358,0.17259958813226392
311,-1,-0.4864069044948425,0.8279152202572412,0.1720847797427588
582,-1,-0.48868035001974036,0.8289787641723707,0.17102123582762926
686,-1,-0.49315623935735386,0.8310573796755399,0.16894262032445995
976,-1,-0.49806161784451336,0.8333122793027747,0.16668772069722534
678,-1,-0.4987577006008511,0.8336302958805105,0.16636970411948948
563,-1,-0.49960864810499134,0.8340184049644381,0.16598159503556192
269,-1,-0.505110899780447,0.836510440248107,0.16348955975189314
151,-1,-0.5238499067680134,0.8447719712475515,0.15522802875244848
479,-1,-0.529839602055342,0.8473398124993119,0.15266018750068808
766,-1,-0.5343933122640503,0.8492686493788848,0.1507313506211151
562,-1,-0.5372815780137123,0.8504816274749012,0.14951837252509878
547,-1,-0.546279606986487,0.8542089816883559,0.14579101831164418
972,-1,-0.5485656935686517,0.8551436119128548,0.14485638808714518
761,-1,-0.5569619092609032,0.858533625549453,0.14146637445054694
346,-1,-0.559525806691095,0.8595555222990687,0.1404444777009312
360,-1,-0.5605219690346904,0.8599508954336541,0.1400491045663458
567,-1,-0.561917239270075,0.8605031060616588,0.13949689393834133
788,-1,-0.5699559332733127,0.8636491508142659,0.13635084918573387
970,-1,-0.5709697165441783,0.8640416365973893,0.13595836340261055
471,-1,-0.5710671190645993,0.8640792957741581,0.1359207042258418
348,-1,-0.5776876052888966,0.8666184593851649,0.133381540614835
772,-1,-0.5796015908288262,0.867345016492226,0.1326549835077739
684,-1,-0.582165237656351,0.8683129327015501,0.13168706729844978
167,-1,-0.5827753261416821,0.8685423899844089,0.13145761001559103
886,-1,-0.5838301873087196,0.8689383279157664,0.13106167208423378
568,-1,-0.5849640321660893,0.8693627823682085,0.1306372176317916
519,-1,-0.5861915398937994,0.8698209821278029,0.13017901787219716
774,-1,-0.5884625418770308,0.8706650907478951,0.12933490925210483
559,-1,-0.5907065258953622,0.8714945751461106,0.12850542485388924
553,-1,-0.5959428108784847,0.8734125273902479,0.12658747260975178
966,-1,-0.5982340025143601,0.87424402154346,0.12575597845653994
975,-1,-0.5996493085010571,0.8747553092976662,0.1252446907023338
554,-1,-0.6000208494497993,0.8748892352043282,0.12511076479567187
889,-1,-0.6034729287722386,0.8761277147243834,0.1238722852756165
967,-1,-0.6057402804993084,0.8769354185164937,0.1230645814835063
764,-1,-0.6087965026400575,0.8780169753777406,0.12198302462225932
978,-1,-0.609967449311265,0.8784291846009713,0.12157081539902868
106,-1,-0.6160527906293463,0.8805521266317123,0.11944787336828774
697,-1,-0.6183423357558617,0.8813425286785899,0.1186574713214102
139,-1,-0.6191727062461554,0.8816280708065243,0.11837192919347606
683,-1,-0.6233816475214508,0.8830662769213755,0.11693372307862443
557,-1,-0.6265960084408492,0.8841544005221187,0.11584559947788126
892,-1,-0.6269084554379849,0.8842596993715157,0.11574030062848456
980,-1,-0.6287533793520514,0.8848797690778956,0.11512023092210459
316,-1,-0.6322976780784597,0.8860628837510631,0.11393711624893692
310,-1,-0.6361665157344396,0.8873422229633727,0.11265777703662715
760,-1,-0.6366965618946416,0.8875165174852132,0.11248348251478715
769,-1,-0.6378043125930152,0.8878800177675382,0.11211998223246171
964,-1,-0.638816011492326,0.888211102226574,0.11178889777342621
556,-1,-0.6399445990597229,0.8885794304462727,0.11142056955372706
375,-1,-0.640293461103636,0.8886930708557098,0.11130692914429034
57,-1,-0.642971580044385,0.8895620847704202,0.11043791522957988
903,-1,-0.6444490572521193,0.890038958738119,0.10996104126188093
989,-1,-0.6452969519578177,0.8903118114219623,0.10968818857803771
685,-1,-0.647044217628084,0.8908722101793806,0.10912778982061935
883,-1,-0.6543812795801459,0.8931980660876614,0.10680193391233861
773,-1,-0.6606991313133774,0.8951657496319831,0.10483425036801707
351,-1,-0.660935106477964,0.8952386199837287,0.10476138001627124
268,-1,-0.6621841026494184,0.8956235720153525,0.10437642798464757
687,-1,-0.6793163606128003,0.9007789248345422,0.09922107516545793
165,-1,-0.6793571834314939,0.9007909340023602,0.09920906599763998
979,-1,-0.681718832193,0.9014834800675302,0.0985165199324697
474,-1,-0.6820454536730862,0.9015789211321448,0.09842107886785549
776,-1,-0.6854944635162864,0.9025817280753425,0.09741827192465752
152,-1,-0.6922236900240885,0.9045120515589183,0.09548794844108169
476,-1,-0.6933235781988816,0.9048242901146133,0.09517570988538636
759,-1,-0.6951224377119674,0.9053329853697133,0.09466701463028654
977,-1,-0.6972116485210469,0.9059207315194343,0.09407926848056551
374,-1,-0.6975747427759859,0.9060225446754585,0.09397745532454145
888,-1,-0.698977765685352,0.9064150306809717,0.09358496931902811
271,-1,-0.7020441273455013,0.9072677107487358,0.09273228925126419
931,-1,-0.7079915748304582,0.9089016858807706,0.09109831411922965
361,-1,-0.710396450946633,0.9095550048191134,0.09044499518088651
39,-1,-0.7141156864393494,0.9105570809620391,0.08944291903796078
524,-1,-0.7146221232569568,0.9106927535715781,0.08930724642842189
663,-1,-0.7159804171039644,0.9110557194994849,0.08894428050051477
981,-1,-0.7217340421755977,0.9125784910879072,0.08742150891209276
518,-1,-0.7219917297386947,0.9126461369063225,0.08735386309367751
480,-1,-0.7243451127608728,0.913261738736553,0.08673826126344708
142,-1,-0.7250747870175471,0.9134518093029835,0.08654819069701658
570,-1,-0.7274200349389974,0.9140601645127667,0.08593983548723332
475,-1,-0.7278885034852545,0.9141812196890929,0.08581878031090719
677,-1,-0.7286500606123625,0.9143776810429942,0.08562231895700569
62,-1,-0.72867269090495,0.9143835128115254,0.0856164871884746
965,-1,-0.7325282601517337,0.915371841580511,0.0846281584194894
153,-1,-0.7341467250020817,0.9157836219168216,0.08421637808317821
991,-1,-0.7420820298089383,0.9177763513354974,0.08222364866450255
971,-1,-0.7426550617579433,0.9179185780072943,0.08208142199270586
569,-1,-0.7449084062307534,0.9184756884770952,0.08152431152290454
993,-1,-0.7526374129718928,0.9203604953114163,0.07963950468858377
523,-1,-0.7538906698299315,0.9206623405283713,0.07933765947162866
727,-1,-0.7542673742383809,0.9207528647275579,0.07924713527244225
373,-1,-0.7555340557327888,0.9210565634602744,0.07894343653972544
54,-1,-0.7587996188487499,0.9218346104489766,0.07816538955102335
682,-1,-0.7616374412949232,0.9225050388042203,0.07749496119577967
865,-1,-0.7624008772254222,0.9226844974660566,0.07731550253394343
555,-1,-0.763297423979273,0.922894759925841,0.07710524007415902
891,-1,-0.764067012962368,0.9230748295169576,0.07692517048304241
959,-1,-0.7655710574849786,0.9234256356489239,0.07657436435107608
74,-1,-0.768862565021274,0.9241882392050007,0.07581176079499957
581,-1,-0.7697293382611838,0.9243878976095198,0.07561210239047995
138,-1,-0.772992209663502,0.925135166671304,0.07486483332869595
775,-1,-0.7798924260528367,0.9266931558246566,0.07330684417534339
339,-1,-0.7799685601508826,0.926710178344344,0.07328982165565594
130,-1,-0.7801458362695499,0.9267498007001254,0.07325019929987447
362,-1,-0.7803556718642121,0.9267966748127363,0.07320332518726379
272,-1,-0.7803873480663445,0.9268037483989475,0.07319625160105231
320,-1,-0.7827437500312476,0.9273281923472911,0.07267180765270896
118,-1,-0.7846630518860856,0.9277527932964053,0.07224720670359473
990,-1,-0.7847429474766817,0.9277704186508184,0.07222958134918157
765,-1,-0.7899234027486987,0.9289048213182226,0.07109517868177723
42,-1,-0.7944020171827908,0.9298722532268451,0.07012774677315474
520,-1,-0.7957850571971103,0.9301685375083442,0.0698314624916559
869,-1,-0.7967441295098072,0.9303733162690375,0.06962668373096288
327,-1,-0.8005651128650454,0.931183658445499,0.06881634155450092
698,-1,-0.8017404073541398,0.9314311496259914,0.0685688503740086
457,-1,-0.8047498798129857,0.9320611238893309,0.06793887611066911
725,-1,-0.8073897164529208,0.9326092999986934,0.06739070000130654
578,-1,-0.8085709640656511,0.93285326113443,0.06714673886557011
492,-1,-0.809289026885371,0.9330011606809397,0.06699883931906012
762,-1,-0.8134972554599157,0.9338618674872134,0.0661381325127866
478,-1,-0.8141715729782676,0.9339988266919474,0.06600117330805241
347,-1,-0.8188529490560562,0.9349424065257885,0.06505759347421138
283,-1,-0.8197921102458604,0.9351301865921896,0.06486981340781023
868,-1,-0.8212474933330092,0.9354201860915989,0.06457981390840108
98,-1,-0.8215710024084908,0.9354844843207877,0.06451551567921224
108,-1,-0.8220245921850148,0.9355745360443796,0.06442546395562058
247,-1,-0.825254677299535,0.9362124316049936,0.0637875683950062
730,-1,-0.8260311753526762,0.9363648990088819,0.06363510099111781
882,-1,-0.8266411714113309,0.936484435018499,0.06351556498150093
314,-1,-0.8270949789281148,0.9365732282000475,0.06342677179995235
248,-1,-0.8283487396406254,0.9368179411627535,0.0631820588372467
55,-1,-0.8296066339461202,0.9370625758693827,0.06293742413061736
784,-1,-0.8320362615101854,0.9375325889215795,0.06246741107842038
454,-1,-0.8365466922107373,0.9383964587051515,0.061603541294848296
368,-1,-0.8411861603041667,0.9392733873778081,0.06072661262219207
40,-1,-0.8442937695557099,0.9398542279217653,0.060145772078234835
263,-1,-0.844658912167973,0.9399221340254003,0.06007786597459957
270,-1,-0.845994255033174,0.9401698589913884,0.05983014100861169
558,-1,-0.8465691871222425,0.9402762221981774,0.05972377780182242
75,-1,-0.8483847753448059,0.940610946964322,0.05938905303567806
103,-1,-0.8526889484133217,0.938789665308353,0.06121033469164711
109,-1,-0.8663015130126301,0.9413928329041641,0.05860716709583588
521,-1,-0.8714344449644654,0.9423469950479103,0.0576530049520898
452,-1,-0.8736439102159163,0.9427531701145908,0.05724682988540936
43,-1,-0.8768825005735512,0.9433436363898655,0.0566563636101344
105,-1,-0.8783008552003181,0.9436004110302221,0.05639958896977786
527,-1,-0.8788246156240311,0.9436949515891961,0.056305048410803825
166,-1,-0.8789952710650424,0.9437257229861904,0.05627427701380967
350,-1,-0.8794710797994895,0.9438114332275038,0.056188566772496146
733,-1,-0.8804404038958304,0.9439856600864107,0.056014339913589346
251,-1,-0.883092204687699,0.9444596784542558,0.055540321545744176
719,-1,-0.8842481932827202,0.9446651202456605,0.055334879754339594
664,-1,-0.8844759890511554,0.9447055187247674,0.05529448127523255
893,-1,-0.8928242053740206,0.9461668259445953,0.05383317405540471
326,-1,-0.8953893423314987,0.946608399878689,0.05339160012131083
127,-1,-0.8961159089366528,0.9467328451741563,0.05326715482584367
250,-1,-0.8968355955038255,0.9468558392549785,0.053144160745021485
576,-1,-0.9039500883348828,0.9480572033067872,0.05194279669321277
317,-1,-0.9070165520783088,0.9485669673291243,0.05143303267087562
534,-1,-0.9088300475337175,0.9488661839328418,0.05113381606715811
785,-1,-0.9129974225655193,0.949547474830638,0.050452525169362133
783,-1,-0.9133374256779121,0.9496026738847863,0.05039732611521383
107,-1,-0.9136153156512767,0.949647745963932,0.05035225403606811
262,-1,-0.91659577106954,0.9501287343363747,0.0498712656636254
313,-1,-0.9179526665056724,0.9503462486142248,0.04965375138577532
245,-1,-0.9187395364572849,0.9504719688631924,0.04952803113680767
939,-1,-0.9199849059885621,0.9506703206123319,0.049329679387667996
734,-1,-0.9206909374137864,0.9507824322882209,0.04921756771177909
938,-1,-0.9210902815195935,0.9508457363106556,0.04915426368934441
455,-1,-0.9320690475613114,0.9525557592659424,0.047444240734057695
312,-1,-0.9336374176597377,0.9527953224165668,0.04720467758343316
681,-1,-0.936512989243542,0.9532315329395663,0.04676846706043362
61,-1,-0.9407713825671049,0.9538703814016987,0.04612961859830136
660,-1,-0.9425086472203713,0.9541285831033544,0.04587141689664551
863,-1,-0.9437452681026394,0.9543115261296589,0.04568847387034112
580,-1,-0.9445493591058044,0.9544301035570933,0.045569896442906585
575,-1,-0.9458347451836702,0.9546190395670342,0.04538096043296581
491,-1,-0.9489695061421318,0.9550766439732898,0.04492335602671019
787,-1,-0.9493789496602544,0.955136083300123,0.04486391669987699
887,-1,-0.9617657888057812,0.9568987609477653,0.04310123905223482
164,-1,-0.9619702348589201,0.9569272840795688,0.04307271592043118
940,-1,-0.9629501861908714,0.957063747493771,0.04293625250622909
729,-1,-0.9636511111473571,0.957161097905514,0.042838902094486056
659,-1,-0.964861726628154,0.9573287348554252,0.042671265144574665
252,-1,-0.9650080336887342,0.9573489512397562,0.04265104876024394
957,-1,-0.9661550337455393,0.9575071197258815,0.04249288027411863
870,-1,-0.9710292817242671,0.9581729443009419,0.04182705569905812
786,-1,-0.9727381275153714,0.9584039679291724,0.04159603207082769
459,-1,-0.9733673688237587,0.9584887243834713,0.041511275616528634
992,-1,-0.9772514447009334,0.9590081942680903,0.04099180573190982
284,-1,-0.9778220926026707,0.95908398068606,0.040916019313939934
513,-1,-0.9796902510213447,0.9593311351330254,0.040668864866974616
63,-1,-0.9816778138443327,0.959592493242169,0.04040750675783093
160,-1,-0.9823414388144752,0.959679393573183,0.04032060642681709
753,-1,-0.9842629110614496,0.9599299826888879,0.04007001731111212
285,-1,-0.9882171923582534,0.9604409224502218,0.039559077549778235
739,-1,-0.9886277126584193,0.9604936017643745,0.03950639823562545
528,-1,-0.9887413503894501,0.9605081720591306,0.03949182794086937
658,-1,-0.9887962346850419,0.9605152072880926,0.03948479271190736
924,-1,-0.9902792347031661,0.9607048413056575,0.03929515869434246
37,-1,-0.9912438397583051,0.9608277108522308,0.039172289147769185
470,-1,-0.9927757398709509,0.9610220727622643,0.03897792723773567
249,-1,-0.9949616212477177,0.961297783629895,0.038702216370105014
731,-1,-0.9955382114326244,0.9613701931132496,0.038629806886750453
112,-1,-0.9983674557263486,0.9617235866547452,0.03827641334525477
128,-1,-1.0003067062395135,0.961963990649318,0.038036009350681944
782,-1,-1.0029407777643375,0.9622881724933995,0.03771182750660057
125,-1,-1.003535463784992,0.9623609881611578,0.03763901183884215
453,-1,-1.0049200306165331,0.9625299887534974,0.037470011246502545
675,-1,-1.0049723643678534,0.9625363620788787,0.037463637921121326
988,-1,-1.0064654548757181,0.9627177490330511,0.037282250966948906
334,-1,-1.0090376113651653,0.963028216780602,0.03697178321939808
113,-1,-1.010262033466452,0.96317512017937,0.03682487982063013
306,-1,-1.0103107170982784,0.9631809493317559,0.036819050668244015
945,-1,-1.011490497245258,0.9633219354780412,0.036678064521958625
48,-1,-1.0126897142735714,0.9634647038275028,0.03653529617249712
229,-1,-1.013006284886074,0.9635023012951169,0.03649769870488295
661,-1,-1.0145696573679304,0.9636874213281629,0.03631257867183712
958,-1,-1.0149001918106082,0.9637264424665044,0.03627355753349558
315,-1,-1.0208364654619437,0.9644203080356807,0.035579691964319315
336,-1,-1.0223431057801344,0.9645943370509504,0.03540566294904948
544,-1,-1.0226291072095024,0.9646272783286521,0.03537272167134779
52,-1,-1.023758831867669,0.964757105630061,0.03524289436993913
944,-1,-1.0251450379487954,0.9649157706306929,0.03508422936930701
735,-1,-1.0284421462383992,0.965290353234901,0.03470964676509895
935,-1,-1.0289277459739252,0.9653451900922785,0.03465480990772148
937,-1,-1.0296142544975413,0.9654225700596287,0.03457742994037128
982,-1,-1.0297906324976296,0.9654424232102683,0.0345575767897318
866,-1,-1.0300732807744755,0.9654742148918345,0.03452578510816537
934,-1,-1.0339409515227738,0.9659063748200512,0.03409362517994885
126,-1,-1.034470990558589,0.9659651850620872,0.03403481493791279
158,-1,-1.0415706914698812,0.9667434077812148,0.03325659221878522
941,-1,-1.045293823768595,0.9671445105700981,0.03285548942990192
925,-1,-1.049752879035778,0.9676186525137638,0.03238134748623628
751,-1,-1.0503204429432218,0.9676785189912305,0.03232148100876941
456,-1,-1.0532516048113545,0.9679859714079181,0.03201402859208185
458,-1,-1.0563845639789762,0.9683114149232591,0.03168858507674105
111,-1,-1.0566976935879564,0.968343762792982,0.03165623720701812
371,-1,-1.0627833260260116,0.968966034429924,0.031033965570076042
322,-1,-1.0639649253261863,0.9690854544469532,0.030914545553046867
372,-1,-1.0654046742512988,0.9692303541464544,0.030769645853545583
19,-1,-1.0680776127246439,0.96949759601327,0.03050240398673009
246,-1,-1.0726260547541149,0.9699471127638685,0.030052887236131504
469,-1,-1.074461571473587,0.9701266627102734,0.029873337289726652
864,-1,-1.0751638255399187,0.9701950774751047,0.029804922524895347
38,-1,-1.077163813669377,0.9703890756464822,0.029610924353517802
542,-1,-1.0786854499467395,0.9705358405961113,0.029464159403888662
983,-1,-1.0792980160398384,0.9705947214260249,0.029405278573975145
104,-1,-1.0800867807347585,0.9706703681087574,0.029329631891242647
881,-1,-1.0802570409178909,0.9706866717888045,0.029313328211195498
436,-1,-1.0856543801253575,0.971198905573023,0.02880109442697701
530,-1,-1.0897682994270046,0.9715834038980689,0.028416596101931133
777,-1,-1.096022621433905,0.9721582761572339,0.027841723842765977
370,-1,-1.0977689271465376,0.9723167311012476,0.027683268898752448
936,-1,-1.1046189007076515,0.9729297348611856,0.02707026513881437
92,-1,-1.105801215409697,0.973034176055506,0.02696582394449382
363,-1,-1.1097780218659967,0.9733825614544265,0.026617438545573573
261,-1,-1.1115686536835607,0.9735379739512378,0.02646202604876218
849,-1,-1.1148401434290487,0.9738196022892895,0.026180397710710488
333,-1,-1.1151065554338375,0.9738424057509424,0.026157594249057607
541,-1,-1.1156333332088955,0.9738874374124032,0.02611256258759679
577,-1,-1.1158174795932418,0.973903161116954,0.026096838883045995
161,-1,-1.1164801171129537,0.973959664392054,0.026040335607946056
140,-1,-1.118475066660492,0.9741290456100429,0.025870954389957283
159,-1,-1.1188870268998155,0.9741638872584822,0.025836112741517873
110,-1,-1.1198927036775617,0.974248748018207,0.02575125198179305
163,-1,-1.1199922230487234,0.9742571306449996,0.025742869355000378
943,-1,-1.120132907054279,0.9742689760145781,0.02573102398542196
369,-1,-1.1215110015034242,0.9743847249491648,0.02561527505083521
260,-1,-1.122681231382463,0.974482610800571,0.025517389199429103
117,-1,-1.1227161681245812,0.974485527452852,0.025514472547148132
778,-1,-1.1262810406008774,0.9747814108119793,0.02521858918802055
30,-1,-1.1281271394195989,0.9749333007094332,0.02506669929056682
301,-1,-1.1325072635581241,0.9752900706983517,0.024709929301648205
309,-1,-1.1337918015338877,0.9753937433050427,0.02460625669495731
665,-1,-1.1354015196417926,0.9755230533566571,0.02447694664334282
867,-1,-1.1384324852773895,0.9757647115052556,0.024235288494744326
318,-1,-1.1406000016638445,0.9759360778803569,0.024063922119643186
129,-1,-1.1419694086664816,0.976043726132157,0.02395627386784289
878,-1,-1.1436895077876321,0.9761782670082562,0.023821732991743887
662,-1,-1.144749769642252,0.9762608245888927,0.023739175411107354
114,-1,-1.1449259013147044,0.9762745116720947,0.023725488327905393
338,-1,-1.1454581759351514,0.9763158269478438,0.023684173052156157
720,-1,-1.1464751034050402,0.9763945631710086,0.023605436828991376
571,-1,-1.1466895414749438,0.9764111330573181,0.023588866942681856
512,-1,-1.1479908900698372,0.976511443127234,0.023488556872765905
676,-1,-1.1487809030244596,0.976572132483848,0.023427867516151862
986,-1,-1.1496570532053942,0.9766392574035551,0.02336074259644499
93,-1,-1.1497508328033252,0.9766464308934936,0.02335356910650631
747,-1,-1.1542298366089687,0.9769865155291415,0.023013484470858405
540,-1,-1.1545720857736725,0.9770122994118025,0.022987700588197522
100,-1,-1.1567821245767613,0.9771781086129958,0.022821891387004103
349,-1,-1.1606013248517433,0.9774618577616542,0.022538142238345858
871,-1,-1.1615726657813286,0.977533464668126,0.022466535331874028
319,-1,-1.1646568529532157,0.9777593388747615,0.022240661125238523
228,-1,-1.1647170317074769,0.9777637236810203,0.022236276318979703
579,-1,-1.1698845894006449,0.978137069283422,0.02186293071657809
546,-1,-1.1711687501625532,0.978228879228305,0.02177112077169492
737,-1,-1.1750374318434753,0.9785031631672393,0.02149683683276068
643,-1,-1.1754088932070659,0.9785293182554903,0.021470681744509713
526,-1,-1.1784256540933544,0.9787405668452179,0.021259433154782095
77,-1,-1.1792860772478562,0.9788004392483003,0.021199560751699865
748,-1,-1.1826456278650501,0.9790326159038613,0.0209673840961386
752,-1,-1.1888000883661027,0.9794514228378283,0.02054857716217173
955,-1,-1.1905207296793425,0.9795670193532371,0.020432980646762848
525,-1,-1.1908589357764958,0.9795896647881014,0.020410335211898663
749,-1,-1.1920266755051625,0.9796676624279147,0.020332337572085264
335,-1,-1.194816050433858,0.9798527798240975,0.02014722017590264
20,-1,-1.1961611332850512,0.979941447687838,0.020058552312162064
933,-1,-1.1968555249512363,0.9799870702752339,0.02001292972476602
94,-1,-1.200309227288956,0.9802124579560281,0.019787542043971894
88,-1,-1.203708143246192,0.9804318094430879,0.01956819055691217
154,-1,-1.2055518315882086,0.9805497813669354,0.01945021863306465
99,-1,-1.2062053412988165,0.9805914276681986,0.019408572331801245
926,-1,-1.2065676262409237,0.9806144768828451,0.019385523117155003
880,-1,-1.2072495142897635,0.9806577861072087,0.019342213892791258
321,-1,-1.2113202816207118,0.9809143435269704,0.01908565647302967
923,-1,-1.2119041881295554,0.9809508655905355,0.019049134409464652
781,-1,-1.2135849617409262,0.9810556071912572,0.018944392808742785
516,-1,-1.2153619261875446,0.981165721026724,0.018834278973276167
53,-1,-1.2190277579756768,0.9813908780219847,0.018609121978015203
300,-1,-1.2212739324212973,0.9815275154908795,0.01847248450912058
532,-1,-1.221412552325994,0.9815359151682792,0.018464084831720896
76,-1,-1.2215874098588881,0.9815465052525808,0.018453494747419318
953,-1,-1.221612685173688,0.9815480355292012,0.01845196447079877
115,-1,-1.2259125632571277,0.9818065414896843,0.018193458510315813
732,-1,-1.2260969101607773,0.9818175434807971,0.018182456519202916
367,-1,-1.2285105579539095,0.9819609835481151,0.01803901645188494
509,-1,-1.2295977738260517,0.9820252274463461,0.017974772553653977
296,-1,-1.2338428144731237,0.9822738977429409,0.017726102257059007
365,-1,-1.236104453944198,0.9824049827619437,0.017595017238056305
533,-1,-1.23617096767625,0.9824088232847976,0.01759117671520228
508,-1,-1.2390584363011958,0.9825747455268055,0.017425254473194537
308,-1,-1.2397354339440596,0.982613422001503,0.01738657799849689
740,-1,-1.2400425598710887,0.9826309397647088,0.017369060235291178
522,-1,-1.2400578277757652,0.9826318101531133,0.017368189846886702
718,-1,-1.2416507917184192,0.9827223834590298,0.017277616540970132
918,-1,-1.2524154240519727,0.9833222500944369,0.016677749905563182
529,-1,-1.2529211565621774,0.9833499171180926,0.016650082881907283
323,-1,-1.2529917639239716,0.98335377618896,0.016646223811040025
156,-1,-1.2550923658665467,0.9834681791991756,0.016531820800824406
47,-1,-1.2569175325998165,0.9835669461144294,0.01643305388557061
21,-1,-1.2586338397232024,0.9836592865013752,0.016340713498624725
738,-1,-1.258685755512125,0.9836620716039365,0.01633792839606355
438,-1,-1.258704017529353,0.9836630511857117,0.016336948814288373
713,-1,-1.260129912471936,0.9837393565951897,0.016260643404810322
952,-1,-1.261336947458411,0.98380367267449,0.016196327325510018
987,-1,-1.26292512676869,0.9838879122543237,0.016112087745676212
746,-1,-1.2664017997557968,0.9840708015981772,0.015929198401822702
307,-1,-1.269138613712183,0.9842133162172287,0.01578668378277113
736,-1,-1.2702889557424484,0.9842728386986652,0.01572716130133496
256,-1,-1.2785588870287539,0.9846942262271383,0.015305773772861695
919,-1,-1.2801596386250766,0.9847744832235684,0.015225516776431485
644,-1,-1.2802022639730783,0.9847766145965493,0.015223385403450725
257,-1,-1.2821055189742743,0.9848714798957199,0.015128520104280093
231,-1,-1.2825034403687072,0.9848912392544069,0.015108760745593067
468,-1,-1.2831660320546079,0.9849240841919031,0.015075915808096915
922,-1,-1.284066990584135,0.9849686310320974,0.015031368967902501
954,-1,-1.2852368616219367,0.9850262783957262,0.01497372160427367
946,-1,-1.2861294926362772,0.985070116163229,0.014929883836770979
984,-1,-1.2891557376646336,0.9852177883104564,0.014782211689543677
305,-1,-1.2892755636586426,0.985223605443524,0.014776394556475883
722,-1,-1.294481693512398,0.9854741555323944,0.014525844467605704
41,-1,-1.2974997846143004,0.9856174617999099,0.01438253820009015
750,-1,-1.2994625489125549,0.9857099019534996,0.014290098046500449
728,-1,-1.300292583848914,0.9857488157503815,0.01425118424961855
44,-1,-1.3047675131698444,0.9859567983184019,0.014043201681598163
543,-1,-1.306927414733171,0.986056099850988,0.013943900149012109
324,-1,-1.3083042903499662,0.986119036282923,0.013880963717077085
673,-1,-1.3110220260965202,0.9862424333720916,0.013757566627908467
465,-1,-1.3123724428124672,0.9863033410800597,0.013696658919940308
515,-1,-1.3135698616845215,0.9863571233392333,0.013642876660766636
507,-1,-1.316451926813854,0.9864857104683566,0.01351428953164338
157,-1,-1.3177292181460967,0.986542311564953,0.01345768843504708
956,-1,-1.3208846103162373,0.98668112698144,0.013318873018559961
672,-1,-1.321354484499959,0.9867016757565802,0.01329832424341994
253,-1,-1.3229245243384504,0.9867701086173065,0.013229891382693464
715,-1,-1.3237501057475922,0.9868059520657158,0.013194047934284204
545,-1,-1.3242136997493825,0.9868260370128331,0.013173962987166986
337,-1,-1.3242814308501456,0.9868289688717998,0.013171031128200134
714,-1,-1.3310183793109651,0.987117363270235,0.012882636729764876
531,-1,-1.3324612018594204,0.9871783042392496,0.012821695760750451
51,-1,-1.3326361220616132,0.987185672841489,0.012814327158510955
467,-1,-1.3327132812644886,0.9871889218700824,0.012811078129917556
302,-1,-1.3341153202709215,0.9872478162580406,0.01275218374195946
45,-1,-1.3360557199023615,0.9873288801244806,0.012671119875519424
155,-1,-1.336298206449513,0.9873389742791105,0.012661025720889485
503,-1,-1.3368083479844137,0.9873601841255507,0.012639815874449217
46,-1,-1.3379153998737259,0.9874060895843987,0.012593910415601232
573,-1,-1.3398856822422043,0.987487379312177,0.012512620687822905
461,-1,-1.3441823303251907,0.9876628401808634,0.012337159819136639
942,-1,-1.345761733187554,0.9877267192543027,0.012273280745697251
230,-1,-1.3466197414748386,0.9877612831059341,0.012238716894065796
304,-1,-1.3471608678790183,0.9877830318159793,0.01221696818402084
124,-1,-1.349388873253196,0.987872173538182,0.012127826461818045
254,-1,-1.3519681044171763,0.9879745579215259,0.012025442078474129
572,-1,-1.3522720125279917,0.9879865648584957,0.012013435141504328
437,-1,-1.3543970981177846,0.9880701902526378,0.011929809747362297
162,-1,-1.3560564977195555,0.988135086316338,0.011864913683662097
97,-1,-1.3585098469990111,0.988230387768765,0.011769612231234988
850,-1,-1.3595653006631787,0.9882711521000748,0.011728847899925109
95,-1,-1.3631500978416837,0.9884085576510403,0.011591442348959705
364,-1,-1.373235915537522,0.9887865941891283,0.011213405810871803
255,-1,-1.3744203746298083,0.9888301751818991,0.011169824818100858
22,-1,-1.3766348141864806,0.9889112005098201,0.01108879949017995
717,-1,-1.38154160128194,0.9890886544742405,0.010911345525759463
462,-1,-1.386398493771699,0.9892615134489897,0.010738486551010146
463,-1,-1.3883582261582084,0.9893304850444041,0.010669514955596062
220,-1,-1.3894434782468708,0.9893684894790187,0.01063151052098123
332,-1,-1.3906313989445902,0.9894099344286602,0.010590065571339687
35,-1,-1.3922861417037442,0.9894673976014156,0.010532602398584511
13,-1,-1.3926027158276955,0.9894783555554993,0.010521644444500607
29,-1,-1.3947265047095028,0.9895515751790841,0.010448424820915878
122,-1,-1.4012497174883563,0.989773304790985,0.010226695209014884
669,-1,-1.4022363476517843,0.9898064298734973,0.010193570126502733
297,-1,-1.4031414931490338,0.9898367250023092,0.01016327499769071
238,-1,-1.4044018377206995,0.9898787589928555,0.01012124100714449
89,-1,-1.4045478455685012,0.9898836173000567,0.010116382699943353
920,-1,-1.4073531495230767,0.9899765111356434,0.010023488864356589
366,-1,-1.4214771359568268,0.9904314313615569,0.009568568638443027
742,-1,-1.421948998000706,0.9904462684898805,0.009553731510119392
511,-1,-1.4222867062353366,0.9904568732123012,0.00954312678769875
504,-1,-1.4244371127067468,0.9905241252298765,0.009475874770123457
123,-1,-1.4252687138865285,0.9905500057606451,0.00944999423935488
514,-1,-1.426601545525972,0.9905913381487883,0.009408661851211818
141,-1,-1.4269938327593226,0.9906034689408353,0.009396531059164813
11,-1,-1.4274922815310886,0.9906188600700083,0.00938113992999167
12,-1,-1.4276550158540036,0.99062387953788,0.009376120462119917
116,-1,-1.4294846107472223,0.990680128388083,0.009319871611917076
96,-1,-1.4305335945381445,0.9907122261460216,0.009287773853978507
303,-1,-1.4324384215171901,0.9907702298733998,0.00922977012660014
15,-1,-1.4381424220814525,0.9909417678510827,0.009058232148917341
927,-1,-1.439735472232442,0.9909891048905567,0.009010895109443277
716,-1,-1.4428316645409667,0.9910804020076625,0.008919597992337639
444,-1,-1.4494551619259683,0.9912726189782877,0.008727381021712385
225,-1,-1.4519200934300558,0.9913430915565812,0.008656908443418682
535,-1,-1.4519758358006194,0.9913446786474166,0.008655321352583421
879,-1,-1.4540510058438345,0.9914035563774847,0.008596443622515399
668,-1,-1.4568602691786474,0.9914826254670426,0.008517374532957436
237,-1,-1.4631373523073414,0.9916566847660159,0.008343315233984027
49,-1,-1.4631785780708535,0.9916578161068723,0.00834218389312777
721,-1,-1.4638647336801371,0.9916766235003659,0.008323376499634173
874,-1,-1.4730548589130588,0.9919244789605045,0.0080755210394956
445,-1,-1.4746555934569352,0.9919668903260238,0.008033109673976059
651,-1,-1.4764977064702827,0.9920154217617169,0.007984578238283085
674,-1,-1.4781241549558588,0.992058027923004,0.007941972076996009
34,-1,-1.4803079586929004,0.9921148775537265,0.007885122446273441
517,-1,-1.4820135215639254,0.992158994601392,0.007841005398607966
325,-1,-1.483665602577077,0.9922014931757972,0.007798506824202789
244,-1,-1.4861401926907432,0.9922647201716199,0.007735279828380099
223,-1,-1.488183535638232,0.9923165424497737,0.0076834575502262295
240,-1,-1.4924984550748823,0.9924248388018162,0.00757516119818381
258,-1,-1.494862110715686,0.9924835143506671,0.007516485649332988
645,-1,-1.4966185918386057,0.992526823121384,0.007473176878615863
466,-1,-1.49963566443081,0.9926006327210755,0.0073993672789245835
904,-1,-1.500785938806324,0.9926285808728615,0.007371419127138467
505,-1,-1.5015783447520226,0.9926477725473685,0.007352227452631557
242,-1,-1.501815783444932,0.992653513468549,0.007346486531451018
914,-1,-1.5056816959996155,0.992746358069664,0.00725364193033589
539,-1,-1.5082198222209902,0.9928066759141257,0.007193324085874366
947,-1,-1.508296969749358,0.9928085014352971,0.007191498564702902
699,-1,-1.5091338244340347,0.9928282739873471,0.007171726012653025
298,-1,-1.510584071075284,0.9928624107645221,0.00713758923547811
710,-1,-1.5107498076185952,0.9928663016207723,0.007133698379227786
709,-1,-1.5159914578577613,0.9929882682310197,0.0070117317689802425
851,-1,-1.5184056898587386,0.9930437414537381,0.00695625854626194
650,-1,-1.5207022414032194,0.9930961036818203,0.006903896318179753
711,-1,-1.5207225490123375,0.9930965649420189,0.0069034350579810794
921,-1,-1.5213911014275157,0.9931117330371491,0.006888266962851102
779,-1,-1.5216073506562708,0.9931166321621301,0.0068833678378699865
780,-1,-1.5228374106312446,0.9931444330185881,0.006855566981411888
464,-1,-1.5243304657352863,0.9931780272056447,0.006821972794355136
439,-1,-1.5260306206690535,0.9932160809697991,0.00678391903020093
432,-1,-1.5290150563719684,0.9932823680079257,0.006717631992074422
227,-1,-1.5303742833374936,0.9933123428139626,0.006687657186037384
14,-1,-1.5324104665069698,0.9933569965628827,0.006643003437117315
741,-1,-1.5327073892190195,0.9933634831795749,0.006636516820425127
87,-1,-1.5335034276741828,0.9933808423417884,0.0066191576582115535
18,-1,-1.5348934531801663,0.9934110458370838,0.006588954162916004
259,-1,-1.5365182831998283,0.9934461768212786,0.006553823178721587
450,-1,-1.538020793544277,0.9934784965168142,0.006521503483185859
657,-1,-1.540058865380596,0.9935220820230608,0.0064779179769391135
671,-1,-1.5419758429777897,0.9935628121792633,0.0064371878207366545
16,-1,-1.5422032273693005,0.9935676264235211,0.006432373576478905
985,-1,-1.542793196769852,0.9935801006465281,0.006419899353471865
331,-1,-1.5437657982930157,0.9936006124358802,0.006399387564119887
646,-1,-1.5445260744578362,0.9936166007541056,0.006383399245894415
655,-1,-1.5452173859446847,0.9936311041215435,0.006368895878456487
642,-1,-1.546376184140307,0.9936553413090985,0.006344658690901441
91,-1,-1.5500610736782556,0.993731802880678,0.0062681971193218776
856,-1,-1.5508525065656507,0.9937481046399083,0.006251895360091812
510,-1,-1.5511716236499797,0.9937546657519947,0.006245334248005324
877,-1,-1.5524556289927063,0.9937809956986561,0.006219004301343936
724,-1,-1.5538250897643506,0.9938089557730312,0.006191044226968764
427,-1,-1.555665840421688,0.9938463403095437,0.00615365969045627
433,-1,-1.5561132089929248,0.9938553919694271,0.0061446080305729185
666,-1,-1.5562328534515462,0.9938578104938333,0.006142189506166739
221,-1,-1.557036775256638,0.9938740365288804,0.00612596347111963
723,-1,-1.5571810151642806,0.9938769432739497,0.006123056726050306
36,-1,-1.5589841550514012,0.9939131643341962,0.006086835665803857
640,-1,-1.5606900470264737,0.9939472347767676,0.006052765223232284
712,-1,-1.5617931084500527,0.993969163837023,0.006030836162976925
460,-1,-1.5649039412911037,0.9940305810199119,0.005969418980087902
638,-1,-1.564990303791919,0.9940322771286172,0.005967722871382909
430,-1,-1.566629442508387,0.9940643776920528,0.00593562230794735
50,-1,-1.5690647128482416,0.9941117511956145,0.005888248804385672
872,-1,-1.572099235746355,0.9941702536005907,0.005829746399409335
506,-1,-1.5742496968520618,0.9942113602079548,0.005788639792045316
667,-1,-1.5757001892420124,0.9942389230305815,0.005761076969418445
861,-1,-1.579119906922309,0.9943033878350203,0.005696612164979769
32,-1,-1.5805871330520214,0.9943308249162768,0.005669175083723295
917,-1,-1.5816870653575614,0.9943513069670651,0.005648693032934912
841,-1,-1.5823043075293655,0.9943627683409073,0.005637231659092549
447,-1,-1.5828138009919532,0.9943722114515093,0.005627788548490684
90,-1,-1.583276312426787,0.9943807700925857,0.005619229907414332
449,-1,-1.5877198548878577,0.994462336630157,0.005537663369843134
10,-1,-1.5908028935294996,0.9945182331481923,0.005481766851807656
17,-1,-1.5929567457195744,0.9945569482921753,0.005443051707824622
916,-1,-1.5958584153111666,0.9946086736251747,0.0053913263748253445
119,-1,-1.5972380073101087,0.9946330937141139,0.005366906285886105
873,-1,-1.5975005787388081,0.9946377289400987,0.005362271059901227
574,-1,-1.5990532502966999,0.9946650568940236,0.005334943105976293
451,-1,-1.601435152011019,0.9947067094863605,0.005293290513639484
948,-1,-1.602194074627595,0.9947199124549827,0.005280087545017352
852,-1,-1.6024783621434746,0.9947248497234846,0.0052751502765154765
222,-1,-1.6036385026243738,0.9947449502853806,0.005255049714619464
243,-1,-1.6037046222002882,0.9947460935628254,0.005253906437174612
219,-1,-1.6039385992229034,0.9947501372771914,0.0052498627228086915
78,-1,-1.6068890526397597,0.9948008624366308,0.005199137563369309
448,-1,-1.6094756954132947,0.994844929704835,0.005155070295164993
224,-1,-1.6121653814318764,0.9948903565903322,0.005109643409667748
33,-1,-1.61269045478506,0.9948991779181139,0.005100822081886215
435,-1,-1.6140872178261705,0.9949225697603498,0.005077430239650314
635,-1,-1.6165940602084536,0.9949642837287342,0.005035716271265713
862,-1,-1.6166103272676988,0.9949645532916918,0.005035446708308161
656,-1,-1.6181160830105723,0.9949894429567617,0.005010557043238253
670,-1,-1.6192323033597775,0.9950078143266633,0.004992185673336712
875,-1,-1.6231085189042005,0.995071089944116,0.004928910055883996
929,-1,-1.6238107132218373,0.9950824665521512,0.004917533447848772
848,-1,-1.6241795847326514,0.9950884323084892,0.004911567691510736
860,-1,-1.6244082580667405,0.9950921270078203,0.004907872992179659
930,-1,-1.6267572529365524,0.9951299195044332,0.004870080495566811
639,-1,-1.6277285922625415,0.9951454620441448,0.00485453795585532
845,-1,-1.6283694037253889,0.9951556886064333,0.00484431139356651
928,-1,-1.6327040460941682,0.9952243009747889,0.004775699025211142
876,-1,-1.6334143042780647,0.9952354505498385,0.00476454945016151
23,-1,-1.638586249401882,0.9953158585926949,0.0046841414073050276
295,-1,-1.6386244849665779,0.9953164479602454,0.004683552039754401
328,-1,-1.6389455729239382,0.9953213943243583,0.004678605675641625
120,-1,-1.6426187122770521,0.9953776089050935,0.004622391094906494
431,-1,-1.6433675802535703,0.9953889866343171,0.004611013365682867
299,-1,-1.6454975182273,0.9954211944800904,0.004578805519909564
843,-1,-1.6458003728511446,0.9954257557971097,0.0045742442028904404
7,-1,-1.6498264732060803,0.9954859634223471,0.004514036577652922
951,-1,-1.6517279211238194,0.9955141222525025,0.004485877747497537
27,-1,-1.6558362609916193,0.9955743651804513,0.004425634819548726
121,-1,-1.6577412716838877,0.9956020243335485,0.004397975666451577
31,-1,-1.6675213916909513,0.9957413259644139,0.004258674035586095
915,-1,-1.6734547747535031,0.9958236785296842,0.004176321470315843
428,-1,-1.6734614370407146,0.9958237700985143,0.004176229901485735
493,-1,-1.6829142692717876,0.9959516922748597,0.004048307725140218
654,-1,-1.6879750051185467,0.9960185599650285,0.003981440034971332
434,-1,-1.6930377617796366,0.9960843495518739,0.0039156504481260715
226,-1,-1.6942831107169194,0.9961003653902037,0.003899634609796135
236,-1,-1.694646103724652,0.9961050213318738,0.0038949786681260934
241,-1,-1.6958400215778429,0.9961202959949894,0.0038797040050107
232,-1,-1.7026958901877134,0.9962068560281313,0.003793143971868661
636,-1,-1.7093799594061136,0.9962893878873141,0.003710612112685897
905,-1,-1.7134080247966719,0.9963382551580103,0.003661744841989768
637,-1,-1.7157623091298873,0.9963665181616368,0.0036334818383630266
28,-1,-1.7195546482156865,0.9964115870246978,0.003588412975302145
844,-1,-1.726859825880078,0.9964968339494847,0.003503166050515337
235,-1,-1.7401175618943807,0.9966464054559848,0.0033535945440152206
287,-1,-1.743090067336227,0.9966790546576356,0.0033209453423643977
847,-1,-1.7457930744357197,0.9967084678018279,0.00329153219817206
329,-1,-1.7499284420055843,0.9967529641144199,0.003247035885580174
429,-1,-1.7500895023076604,0.9967546848933975,0.0032453151066026364
86,-1,-1.753121755189273,0.996786912052985,0.003213087947014947
536,-1,-1.7545187047390036,0.9968016511555111,0.0031983488444890028
239,-1,-1.754801889041288,0.9968046307597781,0.0031953692402219755
840,-1,-1.7590871227698373,0.9968493817999877,0.0031506182000122255
443,-1,-1.7694777402139272,0.9969553073596137,0.0030446926403863302
26,-1,-1.7804040774061096,0.9970628557171154,0.002937144282884522
233,-1,-1.7823459436115585,0.9970815681591441,0.0029184318408559838
641,-1,-1.78266553285338,0.9970846363798279,0.002915363620171995
422,-1,-1.7890221299882465,0.9971449973621807,0.0028550026378193778
330,-1,-1.7907437158020805,0.9971611290698504,0.0028388709301495215
215,-1,-1.7937374656072074,0.9971889645543333,0.0028110354456668775
702,-1,-1.7966343555868334,0.9972156396340577,0.002784360365942242
648,-1,-1.8025048158648904,0.9972689222832622,0.002731077716737948
846,-1,-1.802686652843901,0.9972705563286118,0.002729443671388061
700,-1,-1.8036793172983945,0.9972794595105052,0.0027205404894947945
24,-1,-1.8095024149130796,0.9973311050331971,0.0026688949668029183
708,-1,-1.8097432454204434,0.9973332197397325,0.0026667802602673794
634,-1,-1.8186910854502927,0.9974106135275791,0.0025893864724209374
855,-1,-1.8191316435842761,0.9974143655576446,0.0025856344423553714
495,-1,-1.8221868968618615,0.9974402365983712,0.0025597634016287485
854,-1,-1.8223870002002036,0.9974419219589399,0.002558078041060223
502,-1,-1.824582669675991,0.997460342157561,0.0025396578424389184
441,-1,-1.8352292697797448,0.9975477966366205,0.002452203363379476
842,-1,-1.843887924957015,0.9976166964051806,0.0023833035948193472
440,-1,-1.846575938365843,0.9976376895082739,0.0023623104917260777
913,-1,-1.8543952839360807,0.9976977124262449,0.0023022875737550735
653,-1,-1.8559089756031664,0.997709154446323,0.002290845553677049
853,-1,-1.860754654528011,0.9977454020508701,0.0022545979491297536
216,-1,-1.8628453895211508,0.9977608639471748,0.002239136052825211
908,-1,-1.8633013128919815,0.997764221592455,0.0022357784075448437
286,-1,-1.8688960674618238,0.9978050164955079,0.002194983504492084
537,-1,-1.8894059969250796,0.9979483042841276,0.0020516957158723892
633,-1,-1.8907639625345496,0.9979574543305774,0.002042545669422516
647,-1,-1.892563763960099,0.9979695186438442,0.002030481356155834
911,-1,-1.8926045598501557,0.9979697912768031,0.002030208723197015
424,-1,-1.8987314465827858,0.9980103235754426,0.001989676424557361
745,-1,-1.8994961421475531,0.9980153252729693,0.001984674727030791
743,-1,-1.9024965110903829,0.9980348288529821,0.001965171147017832
631,-1,-1.9080955609818888,0.9980707138172613,0.0019292861827386602
9,-1,-1.9194091290291047,0.9981412366044666,0.0018587633955332926
628,-1,-1.9215050146009198,0.9981540153902969,0.0018459846097030777
501,-1,-1.9219450204942687,0.9981566869649104,0.0018433130350894715
79,-1,-1.9228454529219965,0.9981621420566553,0.0018378579433446954
858,-1,-1.9241068589869554,0.9981697568995066,0.0018302431004933988
218,-1,-1.9247662485202457,0.9981737249306266,0.0018262750693732322
837,-1,-1.9271797451308568,0.9981881754877571,0.001811824512243063
538,-1,-1.9350477415109089,0.9982344950968165,0.0017655049031833753
426,-1,-1.9394582061772292,0.998259940031893,0.00174005996810706
294,-1,-1.9418116533356806,0.998273367203649,0.0017266327963509805
859,-1,-1.945333656545858,0.9982932680699829,0.0017067319300171086
2,-1,-1.9480313381626808,0.998308355896666,0.001691644103333994
496,-1,-1.9559791476832604,0.9983520362357257,0.0016479637642743549
293,-1,-1.957205613594494,0.9983586755773889,0.0016413244226110432
833,-1,-1.962404802922506,0.998386525096167,0.0016134749038330452
707,-1,-1.9642248212308413,0.9983961619765251,0.001603838023474801
494,-1,-1.9788028451467616,0.9984713035840309,0.0015286964159691478
629,-1,-1.979584730059955,0.9984752327932677,0.0015247672067324085
912,-1,-1.9797665165268565,0.9984761448776228,0.0015238551223771208
85,-1,-1.984280169613371,0.9984986172906649,0.0015013827093352948
423,-1,-1.9856987347627868,0.9985056113184693,0.0014943886815306886
5,-1,-1.985918497955793,0.9985066919103396,0.0014933080896605802
288,-1,-1.9950901039548037,0.9985510994191875,0.0014489005808124985
500,-1,-1.9968435624217198,0.9985594378099553,0.0014405621900446506
706,-1,-2.0042961620134103,0.9985943458169486,0.0014056541830515662
950,-1,-2.004323332004501,0.9985944715211821,0.0014055284788178572
907,-1,-2.0078010149029475,0.9986104688604288,0.0013895311395712214
3,-1,-2.0080013130706815,0.9986113846667635,0.0013886153332366268
838,-1,-2.0142143280991305,0.9986394941504775,0.0013605058495225785
703,-1,-2.0155351437758413,0.9986453961724906,0.0013546038275094178
630,-1,-2.0172412304482346,0.9986529818874372,0.001347018112562818
8,-1,-2.0173535169464785,0.9986534796506041,0.0013465203493959383
446,-1,-2.018284437690372,0.9986575993211333,0.0013424006788667444
835,-1,-2.0190070767832125,0.9986607885766514,0.0013392114233485098
836,-1,-2.0205307202112714,0.9986674881335109,0.0013325118664892217
25,-1,-2.0257485049152955,0.9986901781848279,0.0013098218151722134
211,-1,-2.0307283167171497,0.9987114729693537,0.0012885270306462787
705,-1,-2.0391737043757368,0.9987467989005668,0.0012532010994331306
744,-1,-2.03934375577529,0.9987475001661577,0.0012524998338422516
701,-1,-2.0416564094782226,0.9987569983264972,0.0012430016735027415
214,-1,-2.0421136688448844,0.9987588677631091,0.0012411322368909297
442,-1,-2.0454502485013157,0.9987724240323937,0.0012275759676062337
217,-1,-2.0463318749995514,0.9987759812169507,0.0012240187830492495
425,-1,-2.0501217371004183,0.9987911555272032,0.0012088444727967676
949,-1,-2.0591147941880634,0.9988264144899878,0.0011735855100121289
632,-1,-2.0633333010333255,0.998842597741469,0.0011574022585309352
909,-1,-2.063389514627188,0.9988428118774191,0.0011571881225809755
649,-1,-2.0674780930830954,0.9988582808476668,0.0011417191523331563
910,-1,-2.076267405927437,0.9988908383835603,0.0011091616164395823
420,-1,-2.0781094710121426,0.998897543223687,0.001102456776313148
81,-1,-2.0806911591445134,0.9989068720292144,0.001093127970785796
234,-1,-2.082020004861788,0.9989116429350315,0.00108835706496846
652,-1,-2.082742371931689,0.99891422768115,0.0010857723188499497
289,-1,-2.083480466723892,0.998916862363397,0.001083137636602976
6,-1,-2.0862997969939556,0.9989268674504123,0.0010731325495876476
857,-1,-2.0880272799973283,0.9989329521330002,0.0010670478669997437
906,-1,-2.09651864830895,0.9989623632504967,0.0010376367495033647
834,-1,-2.096724495378969,0.9989630660770078,0.001036933922992206
213,-1,-2.1018097229116095,0.9989802783067271,0.0010197216932730123
626,-1,-2.1029378657463047,0.9989840578997896,0.0010159421002104599
80,-1,-2.131968633175174,0.9990766445739071,0.0009233554260929619
290,-1,-2.1380065225943574,0.9990948144440737,0.0009051855559263502
839,-1,-2.1401965660819577,0.9991013162244482,0.0008986837755519235
497,-1,-2.14087999139201,0.9991033355947117,0.000896664405288497
627,-1,-2.16127146346951,0.9991615447932576,0.0008384552067423793
421,-1,-2.163729013580131,0.9991682999235494,0.000831700076450654
84,-1,-2.173765066202024,0.9991953260007681,0.0008046739992317682
498,-1,-2.179357127949876,0.9992100020172693,0.0007899979827306728
499,-1,-2.1853951624569894,0.9992255480719998,0.0007744519280001766
704,-1,-2.186452155634548,0.9992282378637726,0.000771762136227283
832,-1,-2.1991169840152627,0.999259749378876,0.0007402506211240735
292,-1,-2.2004939560853076,0.9992630969328836,0.0007369030671163454
82,-1,-2.3642739859162534,0.9995701843943013,0.0004298156056987227
212,-1,-2.366389283259108,0.9995731666963351,0.0004268333036648214
831,-1,-2.379609185870346,0.9995913419639588,0.0004086580360412776
419,-1,-2.382977844863198,0.9995958482699853,0.0004041517300147637
291,-1,-2.3838390351055447,0.9995969922997215,0.00040300770027845045
4,-1,-2.4061519810506384,0.9996255306305712,0.0003744693694287579
83,-1,-2.41149026295098,0.999632053175111,0.0003679468248890577
210,-1,-2.5494895853293382,0.999766379662669,0.00023362033733106597
418,-1,-2.6255601700232636,0.9998181282353805,0.00018187176461945681
1,-1,-2.6428572626168103,0.9998281939222251,0.00017180607777485097
625,-1,-2.95809374532837,0.9999391307966506,6.086920334931156e-05
